 2  6  8  3
 1 14  9 11
 7 12 13  0
 5 15  4 10

 2  6  8  3
 1 14  9 11
 7 12 13 10
 5 15  4  0

 2  6  8  3
 1 14  9 11
 7 12 13 10
 5 15  0  4

 2  6  8  3
 1 14  9 11
 7 12  0 10
 5 15 13  4

 2  6  8  3
 1 14  9 11
 7  0 12 10
 5 15 13  4

 2  6  8  3
 1  0  9 11
 7 14 12 10
 5 15 13  4

 2  0  8  3
 1  6  9 11
 7 14 12 10
 5 15 13  4

 0  2  8  3
 1  6  9 11
 7 14 12 10
 5 15 13  4

 1  2  8  3
 0  6  9 11
 7 14 12 10
 5 15 13  4

 1  2  8  3
 6  0  9 11
 7 14 12 10
 5 15 13  4

 1  2  8  3
 6  9  0 11
 7 14 12 10
 5 15 13  4

 1  2  8  3
 6  9 12 11
 7 14  0 10
 5 15 13  4

 1  2  8  3
 6  9 12 11
 7 14 13 10
 5 15  0  4

 1  2  8  3
 6  9 12 11
 7 14 13 10
 5  0 15  4

 1  2  8  3
 6  9 12 11
 7  0 13 10
 5 14 15  4

 1  2  8  3
 6  9 12 11
 7 13  0 10
 5 14 15  4

 1  2  8  3
 6  9 12 11
 7 13 10  0
 5 14 15  4

 1  2  8  3
 6  9 12 11
 7 13 10  4
 5 14 15  0

 1  2  8  3
 6  9 12 11
 7 13 10  4
 5 14  0 15

 1  2  8  3
 6  9 12 11
 7 13 10  4
 5  0 14 15

 1  2  8  3
 6  9 12 11
 7  0 10  4
 5 13 14 15

 1  2  8  3
 6  9 12 11
 7 10  0  4
 5 13 14 15

 1  2  8  3
 6  9  0 11
 7 10 12  4
 5 13 14 15

 1  2  8  3
 6  9 11  0
 7 10 12  4
 5 13 14 15

 1  2  8  3
 6  9 11  4
 7 10 12  0
 5 13 14 15

 1  2  8  3
 6  9 11  4
 7 10  0 12
 5 13 14 15

 1  2  8  3
 6  9  0  4
 7 10 11 12
 5 13 14 15

 1  2  0  3
 6  9  8  4
 7 10 11 12
 5 13 14 15

 1  2  3  0
 6  9  8  4
 7 10 11 12
 5 13 14 15

 1  2  3  4
 6  9  8  0
 7 10 11 12
 5 13 14 15

 1  2  3  4
 6  9  0  8
 7 10 11 12
 5 13 14 15

 1  2  3  4
 6  0  9  8
 7 10 11 12
 5 13 14 15

 1  2  3  4
 6 10  9  8
 7  0 11 12
 5 13 14 15

 1  2  3  4
 6 10  9  8
 0  7 11 12
 5 13 14 15

 1  2  3  4
 6 10  9  8
 5  7 11 12
 0 13 14 15

 1  2  3  4
 6 10  9  8
 5  7 11 12
13  0 14 15

 1  2  3  4
 6 10  9  8
 5  7 11 12
13 14  0 15

 1  2  3  4
 6 10  9  8
 5  7  0 12
13 14 11 15

 1  2  3  4
 6 10  9  8
 5  0  7 12
13 14 11 15

 1  2  3  4
 6  0  9  8
 5 10  7 12
13 14 11 15

 1  2  3  4
 6  9  0  8
 5 10  7 12
13 14 11 15

 1  2  3  4
 6  9  7  8
 5 10  0 12
13 14 11 15

 1  2  3  4
 6  9  7  8
 5  0 10 12
13 14 11 15

 1  2  3  4
 6  0  7  8
 5  9 10 12
13 14 11 15

 1  2  3  4
 0  6  7  8
 5  9 10 12
13 14 11 15

 1  2  3  4
 5  6  7  8
 0  9 10 12
13 14 11 15

 1  2  3  4
 5  6  7  8
 9  0 10 12
13 14 11 15

 1  2  3  4
 5  6  7  8
 9 10  0 12
13 14 11 15

 1  2  3  4
 5  6  7  8
 9 10 11 12
13 14  0 15

 1  2  3  4
 5  6  7  8
 9 10 11 12
13 14 15  0

49 Movements

Time: 0m2.944s

openSet: 25,212
