 2  6  8  3
 1 14  9 11
 7 12 13  0
 5 15  4 10

 2  6  8  3
 1 14  9 11
 7 12 13 10
 5 15  4  0

 2  6  8  3
 1 14  9 11
 7 12 13 10
 5 15  0  4

 2  6  8  3
 1 14  9 11
 7 12 13 10
 5  0 15  4

 2  6  8  3
 1 14  9 11
 7  0 13 10
 5 12 15  4

 2  6  8  3
 1 14  9 11
 7 13  0 10
 5 12 15  4

 2  6  8  3
 1 14  9 11
 7 13 10  0
 5 12 15  4

 2  6  8  3
 1 14  9 11
 7 13 10  4
 5 12 15  0

 2  6  8  3
 1 14  9 11
 7 13 10  4
 5 12  0 15

 2  6  8  3
 1 14  9 11
 7 13 10  4
 5  0 12 15

 2  6  8  3
 1 14  9 11
 7  0 10  4
 5 13 12 15

 2  6  8  3
 1  0  9 11
 7 14 10  4
 5 13 12 15

 2  0  8  3
 1  6  9 11
 7 14 10  4
 5 13 12 15

 0  2  8  3
 1  6  9 11
 7 14 10  4
 5 13 12 15

 1  2  8  3
 0  6  9 11
 7 14 10  4
 5 13 12 15

 1  2  8  3
 7  6  9 11
 0 14 10  4
 5 13 12 15

 1  2  8  3
 7  6  9 11
 5 14 10  4
 0 13 12 15

 1  2  8  3
 7  6  9 11
 5 14 10  4
13  0 12 15

 1  2  8  3
 7  6  9 11
 5  0 10  4
13 14 12 15

 1  2  8  3
 7  0  9 11
 5  6 10  4
13 14 12 15

 1  2  8  3
 7  9  0 11
 5  6 10  4
13 14 12 15

 1  2  8  3
 7  9 11  0
 5  6 10  4
13 14 12 15

 1  2  8  3
 7  9 11  4
 5  6 10  0
13 14 12 15

 1  2  8  3
 7  9 11  4
 5  6  0 10
13 14 12 15

 1  2  8  3
 7  9 11  4
 5  6 12 10
13 14  0 15

 1  2  8  3
 7  9 11  4
 5  6 12 10
13 14 15  0

 1  2  8  3
 7  9 11  4
 5  6 12  0
13 14 15 10

 1  2  8  3
 7  9 11  4
 5  6  0 12
13 14 15 10

 1  2  8  3
 7  9 11  4
 5  0  6 12
13 14 15 10

 1  2  8  3
 7  0 11  4
 5  9  6 12
13 14 15 10

 1  2  8  3
 0  7 11  4
 5  9  6 12
13 14 15 10

 1  2  8  3
 5  7 11  4
 0  9  6 12
13 14 15 10

 1  2  8  3
 5  7 11  4
 9  0  6 12
13 14 15 10

 1  2  8  3
 5  7 11  4
 9  6  0 12
13 14 15 10

 1  2  8  3
 5  7  0  4
 9  6 11 12
13 14 15 10

 1  2  0  3
 5  7  8  4
 9  6 11 12
13 14 15 10

 1  2  3  0
 5  7  8  4
 9  6 11 12
13 14 15 10

 1  2  3  4
 5  7  8  0
 9  6 11 12
13 14 15 10

 1  2  3  4
 5  7  0  8
 9  6 11 12
13 14 15 10

 1  2  3  4
 5  0  7  8
 9  6 11 12
13 14 15 10

 1  2  3  4
 5  6  7  8
 9  0 11 12
13 14 15 10

 1  2  3  4
 5  6  7  8
 9 14 11 12
13  0 15 10

 1  2  3  4
 5  6  7  8
 9 14 11 12
13 15  0 10

 1  2  3  4
 5  6  7  8
 9 14 11 12
13 15 10  0

 1  2  3  4
 5  6  7  8
 9 14 11  0
13 15 10 12

 1  2  3  4
 5  6  7  8
 9 14  0 11
13 15 10 12

 1  2  3  4
 5  6  7  8
 9 14 10 11
13 15  0 12

 1  2  3  4
 5  6  7  8
 9 14 10 11
13  0 15 12

 1  2  3  4
5  6  7  8
 9  0 10 11
13 14 15 12

 1  2  3  4
 5  6  7  8
 9 10  0 11
13 14 15 12

 1  2  3  4
 5  6  7  8
 9 10 11  0
13 14 15 12

 1  2  3  4
 5  6  7  8
 9 10 11 12
13 14 15  0

51 Movements

Time: 5m26.900s
